---
poses:
- x: 9.0
  y: 10.0
  heading: 0.0
- x: 25.0
  y: 25.0
  heading: 0.0
- x: 28.0
  y: 47.0
  heading: 0.0
- x: -46.0
  y: 27.0
  heading: 0.0
- x: -62.0
  y: 57.0
  heading: 0.0
- x: 30.0
  y: 57.0
  heading: 0.0
constraints:
  maximumVelocity: 25.0
  maximumAcceleration: 40.0
  maximumAngularVelocity: 3.141592653589793
  maximumAngularAcceleration: 6.283185307179586
resolution: 250
